Posibitity:
0.00 0.00 0.00 0.00 0.00 0.00 0.00 0.00 0.00 0.00 0.00 0.00 0.00 0.00 0.00 0.00 0.00 0.00 0.00 0.00 0.00 0.00 0.00 0.00 0.00 0.00 0.00  0
0.00 0.50 0.00 0.00 0.00 0.00 0.00 0.00 0.00 0.00 0.25 0.00 0.00 0.00 0.00 0.00 0.00 0.00 0.00 0.00 0.00 0.00 0.25 0.00 0.00 0.00 0.00  1
0.00 0.00 0.44 0.00 0.00 0.00 0.00 0.00 0.00 0.11 0.00 0.11 0.00 0.11 0.00 0.00 0.00 0.00 0.00 0.00 0.00 0.11 0.11 0.00 0.00 0.00 0.00  2
0.00 0.00 0.04 0.38 0.00 0.12 0.04 0.00 0.00 0.00 0.00 0.08 0.00 0.00 0.08 0.00 0.00 0.00 0.00 0.00 0.00 0.08 0.17 0.00 0.00 0.00 0.00  3
0.00 0.00 0.00 0.00 0.50 0.00 0.00 0.00 0.00 0.00 0.00 0.00 0.25 0.00 0.00 0.00 0.00 0.00 0.00 0.00 0.00 0.00 0.00 0.00 0.25 0.00 0.00  4
0.00 0.00 0.00 0.00 0.00 0.26 0.00 0.00 0.00 0.00 0.00 0.08 0.03 0.03 0.00 0.00 0.03 0.05 0.03 0.03 0.03 0.03 0.03 0.00 0.00 0.39 0.00  5
0.00 0.00 0.00 0.00 0.00 0.03 0.23 0.62 0.00 0.00 0.05 0.00 0.00 0.03 0.03 0.00 0.00 0.00 0.03 0.00 0.00 0.00 0.00 0.00 0.00 0.00 0.00  6
0.00 0.00 0.00 0.00 0.00 0.08 0.40 0.00 0.04 0.04 0.08 0.04 0.04 0.04 0.04 0.00 0.00 0.04 0.00 0.12 0.00 0.04 0.00 0.00 0.00 0.00 0.00  7
0.00 0.00 0.00 0.00 0.00 0.00 0.17 0.00 0.33 0.00 0.00 0.17 0.00 0.00 0.00 0.00 0.17 0.00 0.00 0.00 0.00 0.17 0.00 0.00 0.00 0.00 0.00  8
0.00 0.00 0.00 0.00 0.00 0.00 0.00 0.00 0.00 0.00 0.00 0.00 0.00 0.00 0.00 0.00 0.00 1.00 0.00 0.00 0.00 0.00 0.00 0.00 0.00 0.00 0.00  9
0.00 0.00 0.00 0.00 0.00 0.00 0.00 0.00 0.00 0.00 0.00 0.00 0.00 0.00 0.00 0.00 0.00 0.00 1.00 0.00 0.00 0.00 0.00 0.00 0.00 0.00 0.00  10
0.00 0.00 0.00 0.00 0.00 0.00 0.00 0.00 0.00 0.00 0.00 0.00 0.00 0.00 0.00 0.00 0.00 0.00 0.00 1.00 0.00 0.00 0.00 0.00 0.00 0.00 0.00  11
0.00 0.00 0.00 0.00 0.00 0.00 0.00 0.00 0.00 0.00 0.00 0.00 0.00 0.00 0.00 0.00 0.00 0.00 0.00 0.00 1.00 0.00 0.00 0.00 0.00 0.00 0.00  12
0.00 0.00 0.00 0.00 0.00 0.00 0.00 0.00 0.00 0.00 0.00 0.00 0.00 0.00 0.00 0.00 0.00 0.00 0.00 0.00 0.00 1.00 0.00 0.00 0.00 0.00 0.00  13
0.00 0.00 0.00 0.00 0.00 0.00 0.00 0.00 0.00 0.00 0.00 0.00 0.00 0.00 0.00 0.62 0.00 0.00 0.00 0.00 0.00 0.00 0.38 0.00 0.00 0.00 0.00  14
0.00 0.00 0.00 0.00 0.00 0.00 0.00 0.00 0.00 0.00 0.00 0.00 0.00 0.00 0.00 0.00 0.00 0.00 0.00 0.00 0.00 0.00 1.00 0.00 0.00 0.00 0.00  15
0.00 0.00 0.00 0.00 0.00 0.00 0.00 0.00 0.00 0.00 0.00 0.00 0.00 0.00 0.00 0.00 0.00 0.00 0.00 0.00 0.00 0.00 0.00 0.00 1.00 0.00 0.00  16
0.00 0.00 0.00 0.03 0.00 0.10 0.17 0.00 0.00 0.03 0.07 0.00 0.00 0.00 0.13 0.00 0.00 0.20 0.10 0.00 0.00 0.07 0.07 0.00 0.03 0.00 0.00  17
0.00 0.00 0.07 0.14 0.00 0.10 0.03 0.00 0.00 0.03 0.17 0.10 0.03 0.03 0.00 0.00 0.00 0.10 0.17 0.00 0.00 0.00 0.00 0.00 0.00 0.00 0.00  18
0.00 0.00 0.00 0.06 0.03 0.11 0.17 0.00 0.00 0.08 0.06 0.03 0.00 0.06 0.03 0.00 0.00 0.11 0.00 0.14 0.00 0.08 0.03 0.00 0.03 0.00 0.00  19
0.00 0.00 0.00 0.10 0.00 0.10 0.00 0.00 0.10 0.00 0.10 0.00 0.00 0.00 0.10 0.00 0.10 0.00 0.00 0.10 0.20 0.10 0.00 0.00 0.00 0.00 0.00  20
0.00 0.00 0.00 0.00 0.03 0.00 0.03 0.00 0.03 0.03 0.03 0.03 0.07 0.03 0.03 0.00 0.03 0.03 0.00 0.03 0.00 0.07 0.00 0.00 0.00 0.00 0.50  21
0.00 0.02 0.02 0.02 0.00 0.02 0.02 0.00 0.00 0.00 0.00 0.02 0.00 0.02 0.07 0.00 0.02 0.02 0.00 0.00 0.00 0.02 0.12 0.63 0.00 0.00 0.00  22
0.00 0.03 0.00 0.17 0.00 0.08 0.08 0.00 0.00 0.03 0.06 0.06 0.00 0.03 0.08 0.00 0.00 0.03 0.00 0.00 0.00 0.03 0.31 0.00 0.03 0.00 0.00  23
0.00 0.00 0.00 0.00 0.00 0.24 0.00 0.00 0.06 0.06 0.00 0.00 0.00 0.00 0.06 0.00 0.12 0.06 0.00 0.00 0.00 0.06 0.06 0.00 0.29 0.00 0.00  24
0.00 0.00 0.07 0.00 0.00 0.00 0.00 0.00 0.00 0.00 0.00 0.20 0.00 0.07 0.13 0.00 0.00 0.00 0.07 0.20 0.00 0.07 0.20 0.00 0.00 0.00 0.00  25
0.00 0.00 0.00 0.00 0.00 0.21 0.07 0.00 0.00 0.00 0.00 0.07 0.00 0.07 0.21 0.00 0.07 0.00 0.00 0.14 0.07 0.00 0.07 0.00 0.00 0.00 0.00  26

   0    1    2    3    4    5    6    7    8    9   10   11   12   13   14   15   16   17   18   18   20   21   22   23   24   25   26