head
t	x	y
0.0	0.25370119507125866	0.10509798099762457
0.5005000000000001	0.25147992131828956	0.11001651573634191
1.0010000000000001	0.24576807452494032	0.1150937128859856
1.5015	0.2484653355106886	0.11906027315914475
2.0020000000000002	0.25703310570071236	0.12128154691211387
2.5025	0.26036501633016595	0.1201709100356293
3.003	0.2606823411520187	0.12096422209026114
3.5035000000000003	0.2587783922209024	0.12302683343230389
4.0040000000000004	0.2478306858669831	0.12144020932304023
4.5045	0.22990183343230386	0.12191619655581934
5.005	0.20975170724465542	0.12302683343230389
5.5055000000000005	0.1919815172209024	0.12397880789786209
6.006	0.17278336549881224	0.12873868022565305
6.5065	0.1450174435866982	0.1331812277315913
7.007000000000001	0.12028668060423064	0.1355038085249358
7.5075	0.09559893414967624	0.1337083360555137
8.008000000000001	0.07337996234057731	0.13415720417286922
8.5085	0.0531808970595784	0.13707484693568017
9.009	0.03230852960254604	0.14044135781584668
9.509500000000001	0.019066920140557886	0.13976805563981337
10.01	0.004478706326502935	0.14246126434394654
10.5105	-0.008538469076807553	0.14111465999187994
11.011000000000001	-0.022004512597473602	0.14133909405055772
11.5115	-0.039285935115661474	0.13707484693568017
12.012	-0.054323017047071875	0.13483050634890248
12.512500000000001	-0.07990849973633729	0.10744955119021499
13.013	-0.09247680702229222	0.10049209537120421
13.5135	-0.10841162518841363	0.08814822214392701
14.014000000000001	-0.1194088940636242	0.0809663322662385
14.5145	-0.13063059699751256	0.07019349744970568
15.015	-0.14005682746197878	0.06144056916127277
15.515500000000001	-0.14656541516363408	0.056054151753006376
16.016000000000002	-0.15082966227851152	0.04999443216870669
16.5165	-0.1521762666305782	0.04281254229101816
17.017	-0.15172739851322264	0.03361074588522972
17.517500000000005	-0.16003145868430002	0.02934649877035217
18.018	-0.16317353550578884	0.0214913067166303
18.5185	-0.15711381592148904	0.012289510310841911
19.019000000000002	-0.15038079416115607	0.010045169724064218
19.5195	-0.14050569557933434	0.014533850897619605
20.02	-0.13467041005371239	0.01947140018853044
20.520500000000002	-0.13107946511486812	0.024184515420763553
21.021	-0.12457087741321293	0.02351121324473021
21.5215	-0.1162668172421355	0.028448762535641103
22.022000000000002	-0.11245143824461346	0.030468669063741016
22.5225	-0.1043718121322138	0.033161877767874215
23.023	-0.09651662007849204	0.034508482119940787
23.523500000000002	-0.08439718090989268	0.03091753718109652
24.024	-0.07205330768261542	0.02867319659431883
24.5245	-0.053874148929716426	0.03607952053068514
25.025000000000002	-0.03726602858756167	0.033386311826551995
25.5255	-0.019311303893340348	0.03832386111746283
26.026	-0.015944793013173753	0.04124150388027381
26.526500000000002	-0.009211771252840784	0.04595461911250692
27.027	-0.0018054473164745843	0.04573018505382914
27.5275	0.011211728086835904	0.026204421948863466
28.028000000000002	0.02198456290336881	0.01902253207117488
28.5285	0.024228903490146392	0.01161620813480857
29.029	0.013007200556258036	0.009147433489353152
29.529500000000002	0.01682257955378008	-0.004318610031312842
30.03	0.012782766497580367	-0.010827197732968086
30.5305	0.017271447671135753	-0.019355691962723187
31.031000000000002	0.025351073783535294	-0.024517675312311804
31.5315	0.0316352274265127	-0.031026263013967048
32.032000000000004	0.03679721077610143	-0.036861548539589006
32.5325	0.04532570500585653	-0.04224796594785535
33.033	0.048018913709989675	-0.04718551523876624
33.5335	0.05295646300090051	-0.05391853699909932
34.034	0.054303067352967194	-0.058407218172654596
34.5345	0.0574451441744559	-0.06648684428505425
35.03500000000001	0.055425237646355985	-0.07591307474952042
35.5355	0.05811844635048924	-0.08601260739001992
36.036	0.055425237646355985	-0.09207232697431961
36.536500000000004	0.05632297388106711	-0.09902978279333041
37.037	0.05385419923561163	-0.1050895023776301
37.5375	0.05026325429676737	-0.110924787903252
38.038000000000004	0.04285693036040106	-0.11720894154622946
38.5385	0.03791938106949022	-0.12551300171730684
39.039	0.03747051295213477	-0.13112385318425102
39.539500000000004	0.04577457312321209	-0.13628583653383963
40.04	0.056547407939744776	-0.13381706188838421
40.5405	0.07337996234057731	-0.13045055100821767
41.041000000000004	0.08774374209595448	-0.12012658430904044
41.5415	0.1003120493819093	-0.11114922196192978
42.042	0.11130931825711987	-0.10576280455366338
42.542500000000004	0.12208215307365278	-0.1001519530867192
43.043	0.13240611977283	-0.08691034362473099
43.5435	0.13509932847696327	-0.07299543198670949
44.044000000000004	0.13689480094638518	-0.05593844352719918
44.5445	0.150585278525729	-0.043594570299921975
45.045	0.15911377275548433	-0.03169956519000039
45.545500000000004	0.16741783292656165	-0.020926730373467595
46.046	0.17729293150838332	-0.014642576730490076
46.5465	0.18447482138607185	-0.007236252794123821
47.047000000000004	0.19300331561582695	-0.0011765332098240822
47.5475	0.20355171637368197	0.003985450139764535
48.048	0.21567115554228133	0.010494037841419779
48.548500000000004	0.2266684244174919	0.0161048893083639
49.049	0.23721682517534703	0.02216460889266364
49.5495	0.24664305563981326	0.018798098012497155
50.050000000000004	0.2538249455175018	0.017227059601752748
50.5505	0.263251175981968	0.014982719014975054
51.051	0.26796429121420107	0.010269603782741998
51.551500000000004	0.2753706151505674	0.002863279846375688
52.052	0.2666176868621344	0.001965543611664622
52.5525	0.2580891926323793	-9.520991511463572E-4
53.053000000000004	0.24821409405055772	-0.004094175972635061
53.5535	0.24484758317039113	-0.009480593380901459
54.054	0.24439871505303545	-0.01374484049577901
54.554500000000004	0.24686748969849104	-0.015764747023878922
55.055	0.24754079187452438	-0.01733578543462333
55.5555	0.23811456141005805	-0.011500499909001372
56.056000000000004	0.23631908894063602	-0.005665214383379413
56.5565	0.22936163312162516	-0.0020742694445351484
57.057	0.216120023659637	1.7007114224248943E-4
57.557500000000005	0.21163134248608162	0.0026388457876979077
58.058	0.205571622901782	0.005556488550508887
58.5585	0.19479878808524909	0.00443431825712004
59.059000000000005	0.1808838764472276	6.189392595980503E-4
59.5595	0.1689888713373059	-0.00678738467676826
60.06	0.15978707493151745	-0.011949368026356877
60.560500000000005	0.15215631693647347	-0.01733578543462333
61.061	0.14295452053068503	-0.020926730373467595
61.5615	0.13195725165547445	-0.021375598490823156
62.062000000000005	0.12477536177778603	-0.023395505018923013
62.5625	0.12118441683894166	-0.023619939077600738
63.063	0.11781790595877517	-0.019131257904045462
63.563500000000005	0.10704507114224227	-0.02429324125363408
64.06400000000001	0.09986318126455385	-0.030352960837933762
64.56450000000001	0.09447676385628745	-0.033046169542067017
65.065	0.09111025297612085	-0.046736647121410735
65.5655	0.0917835551521542	-0.05167419641232163
66.066	0.08931478050669872	-0.05593844352719918
66.5665	0.10098535155794264	-0.06177372905282108
67.067	0.1025563899686871	-0.06514023993298762
67.56750000000001	0.10412742837943134	-0.06603797616769869
68.068	0.10816724143563128	-0.06424250369827655
68.5685	0.12589753207117482	-0.05952938846604344
69.069	0.13599706471167428	-0.06132486093546563
69.5695	0.14766763576291808	-0.06199816311149886
70.07000000000002	0.1519318828777957	-0.06289589934620993
70.57050000000001	0.15125858070176235	-0.06671127834373197
71.071	0.1548495256406066	-0.06828231675447638
71.5715	0.15776716840341765	-0.0711999595172873
72.072	0.16292915175300615	-0.07254656386935393
72.5725	0.16517349233978396	-0.073444300104065
73.07300000000001	0.17033547568937257	-0.07479090445613162
73.57350000000001	0.17908840397780545	-0.07523977257348707
74.074	0.1882902003835939	-0.07793298127762027
74.5745	0.1903101069116938	-0.08354383274456445
75.075	0.19188114532243816	-0.08848138203547534
75.5755	0.1988386011414489	-0.09409223350241952
76.07600000000001	0.20018520549351537	-0.10643610672969672
76.57650000000001	0.1999607714348377	-0.11810667778094058
77.077	0.18739246414888278	-0.12349309518920693
77.5775	0.17190651410011693	-0.1163112053115184
78.078	0.1604603771075508	-0.110924787903252
78.5785	0.150585278525729	-0.1050895023776301
79.07900000000001	0.14026131182655177	-0.10149855743878583
79.57950000000001	0.13173281759679667	-0.0905012885635752
80.08	0.12589753207117482	-0.08107505809910903
80.5805	0.1216332849562971	-0.07097552545860952
81.081	0.11916451031084185	-0.06469137181563211
81.5815	0.11826677407613073	-0.05750948193794353
82.08200000000001	0.10659620302488682	-0.053020800764388254
82.58250000000001	0.09223242326950987	-0.043819004358599756
83.083	0.08168402251165474	-0.03551494418752238
83.5835	0.06552477028685555	-0.026986449957767278
84.084	0.048467781827345346	-0.02227333472553411
84.5845	0.03073749119180158	-0.026313147781733937
85.08500000000001	0.012109464321547025	-0.029230790544544916
85.58550000000001	0.0033565360331141436	-0.03327060360074474
86.086	-0.00696743066606309	-0.03461720795281131
86.5865	-0.012353848074329488	-0.0391058891263667
87.087	-0.047589995286738906	-0.046961081180088515
87.5875	-0.06644245621567124	-0.051225328294966066
88.08800000000001	-0.0895591642594813	-0.06199816311149886
88.58850000000001	-0.09876096066526974	-0.06895561893050967
89.089	-0.1043718121322138	-0.07883071751233134
89.5895	-0.10841162518841374	-0.08556373927266442
90.09	-0.11604238318345783	-0.09274562915035289
90.5905	-0.12950842670412366	-0.0900524204462197
91.09100000000001	-0.13691475064048997	-0.09274562915035289
91.59150000000001	-0.1490341898090894	-0.09072572262225304
92.092	-0.16115362897768887	-0.0938677994437418
92.5925	-0.17417080438099936	-0.097458744382586
93.093	-0.18584137543224322	-0.09790761249994151
93.5935	-0.19504317183803166	-0.1023962936734969
94.09400000000001	-0.20514270447853117	-0.10912931543382987
94.59450000000001	-0.21097799000415307	-0.11316912849002969
95.095	-0.2188331820578749	-0.11855554589829609
95.5955	-0.22242412699671915	-0.12685960606937347
96.096	-0.21254902841489737	-0.13045055100821767
96.5965	-0.20491827041985328	-0.13538810029912857
97.09700000000001	-0.2031227979504312	-0.13359262782970643
97.59750000000001	-0.20379610012646449	-0.13000168289086217
98.098	-0.20200062765704235	-0.12506413359995133
98.5985	-0.2096313856520865	-0.1248396995412735
99.099	-0.21838431394051938	-0.12528856765862906
99.5995	-0.23364582993060745	-0.1282062104214401
100.10000000000001	-0.24172545604300705	-0.1291039466561511
100.60050000000001	-0.24890734592069563	-0.12641073795201796
101.101	-0.25519149956367315	-0.1221464908371403
101.6015	-0.2652910322041725	-0.12281979301317364
102.102	-0.27157518584715	-0.11945328213300715
102.6025	-0.27494169672731655	-0.11272026037267413
103.10300000000001	-0.27943037790087194	-0.10912931543382987
103.60350000000001	-0.29424302577360456	-0.10351846396688569
104.104	-0.30097604753393753	-0.10464063426027453
104.6045	-0.3115244482917925	-0.10396733208424119
105.105	-0.31780860193477	-0.10262072773217462
105.6055	-0.3231950193430364	-0.10262072773217462
106.10600000000001	-0.3229705852843586	-0.10217185961481906
106.60650000000001	-0.32072624469758093	-0.10329402990820796
107.107	-0.31960407440419214	-0.10172299149746356
107.6075	-0.3184819041108033	-0.10172299149746356
108.108	-0.3126466185851813	-0.10441620020159675
108.6085	-0.30950454176369263	-0.10957818355118537
109.10900000000001	-0.3074846352355927	-0.110924787903252
109.60950000000001	-0.30501586059013724	-0.10957818355118537
110.11	-0.3041181243554262	-0.10621167267101889
110.6105	-0.30075161347525975	-0.11227139225531857
111.111	-0.3000783112992264	-0.11182252413796306
111.6115	-0.3045669924727818	-0.11182252413796306
112.11200000000001	-0.30344482217939284	-0.11002705166854093
112.61250000000001	-0.3005271794165819	-0.10351846396688569
113.113	-0.30389369029674845	-0.10935374949250765
113.6135	-0.3000783112992264	-0.11025148572721871
114.114	-0.29491632794963774	-0.11316912849002969
114.6145	-0.2962629323017044	-0.11720894154622946
115.11500000000001	-0.29424302577360445	-0.11833111183961831
115.61550000000001	-0.29469189389096	-0.12237092489581813
116.116	-0.3000783112992264	-0.12192205677846257
116.6165	-0.3043425584141039	-0.1237175292478847
117.117	-0.30389369029674845	-0.12506413359995133
117.6175	-0.3130954867025369	-0.12461526548259577
118.11800000000001	-0.3202773765802254	-0.12461526548259577
118.61850000000001	-0.32499049181245854	-0.12461526548259577
119.119	-0.32341945340171413	-0.11765780966358502
119.6195	-0.32790813457526946	-0.11586233719416289
120.12	-0.3265615302232029	-0.10688497484705223
120.6205	-0.32745926645791396	-0.10194742555614134
121.12100000000001	-0.3256637939884918	-0.09566327191316382
121.62150000000001	-0.3292547389273361	-0.08937911827018641
122.122	-0.3317235135727915	-0.08376826680324223
122.6225	-0.33553889257031355	-0.06716014646108748
123.123	-0.34070087591990217	-0.05773391599662131
123.6235	-0.34518955709345756	-0.04898098770818843
124.12400000000001	-0.34878050203230176	-0.04292126812388869
124.62450000000001	-0.3532691832058571	-0.0364126804222335
125.125	-0.3600022049661901	-0.02967965866190042
125.6255	-0.3600022049661901	-0.021375598490823156
126.126	-0.3689795673133008	-0.013969274554456845
126.6265	-0.37279494631082283	-0.009480593380901459
127.12700000000001	-0.37459041878024496	-0.0034208737966017755
127.62750000000001	-0.39366731376785513	-0.002298703503212929
128.12800000000001	-0.40690892322984334	-0.008358423087512667
128.6285	-0.4174573239876984	-0.007909554970157162
129.12900000000002	-0.419701664574476	-0.007909554970157162
129.6295	-0.4333921421538198	-0.009705027439579184
130.13	-0.4517957349653967	-0.0065629506180904795
130.6305	-0.4807477285348286	0.0010678073769535557
131.131	-0.47603461330259544	0.0037610160810867543
131.63150000000002	-0.4663839487794515	0.0017411095529868414
132.132	-0.4663839487794515	0.0017411095529868414
132.6325	-0.46413960819267386	6.189392595980503E-4
133.133	-0.46413960819267386	6.189392595980503E-4
133.6335	-0.46413960819267386	6.189392595980503E-4
134.134	-0.46413960819267386	6.189392595980503E-4
134.6345	-0.46413960819267386	6.189392595980503E-4
135.13500000000002	-0.46413960819267386	6.189392595980503E-4
135.6355	-0.46413960819267386	6.189392595980503E-4
136.136	-0.46413960819267386	6.189392595980503E-4
136.6365	-0.46413960819267386	6.189392595980503E-4
137.137	-0.46413960819267386	6.189392595980503E-4
137.63750000000002	-0.46413960819267386	6.189392595980503E-4
138.138	-0.46413960819267386	6.189392595980503E-4
138.6385	-0.46413960819267386	6.189392595980503E-4
139.139	-0.46413960819267386	6.189392595980503E-4
139.6395	-0.46413960819267386	6.189392595980503E-4
140.14000000000004	-0.46413960819267386	6.189392595980503E-4
140.6405	-0.46413960819267386	6.189392595980503E-4
141.14100000000002	-0.46413960819267386	6.189392595980503E-4
141.6415	-0.46413960819267386	6.189392595980503E-4
142.142	-0.46413960819267386	3.9450520092026986E-4
142.6425	-0.46413960819267386	3.9450520092026986E-4
143.143	-0.4609975313711851	-2.7879697511301593E-4
143.64350000000002	-0.4612219654298629	1.7007114224248943E-4
144.144	-0.4614463994885406	8.433733182758307E-4
144.6445	-0.46009979513647403	-0.0011765332098240822
145.145	-0.46009979513647403	-0.001625401327179643
145.6455	-0.46009979513647403	-7.276650924685768E-4
146.14600000000002	-0.4603242291951518	0.001292241435631336
146.6465	-0.4623441357232517	0.0010678073769535557
147.14700000000002	-0.4616708335472184	-9.520991511463572E-4
147.6475	-0.45875319078440746	-0.0011765332098240822
148.148	-0.4585287567257297	0.0010678073769535557
148.6485	-0.4594264929604408	0.0010678073769535557
149.64950000000002	-0.46551516379597013	0.002195174048768178
150.15	-0.46526326316561295	0.002195174048768178
150.6505	-0.46526326316561295	0.0019432734184109957
151.151	-0.4645075612745414	0.0019432734184109957
151.6515	-0.4647594619048986	6.837702666250833E-4
152.15200000000002	-0.4647594619048986	6.837702666250833E-4
152.6525	-0.4642556606441842	0.002698975309482543
153.15300000000002	-0.46400376001382704	0.0016913727880538687
153.6535	-0.4642556606441842	-7.193162444646406E-5
154.154	-0.4617366543406124	0.0014394721576966862
154.6545	-0.46249235623168394	0.0037065778309113284
155.155	-0.46249235623168394	0.002950875939839781
155.65550000000002	-0.4647594619048986	0.006225584134483153
156.156	-0.46375185938346986	0.004714180352340058
156.6565	-0.4627442568620411	0.004714180352340058
157.157	-0.4647594619048986	0.004714180352340058
157.6575	-0.46224045560132676	0.0024470746791253606
